400 12
10000 0
9998 156
9995 313
9988 470
9980 627
9969 784
9955 940
9939 1096
9921 1252
9900 1408
9877 1563
9851 1718
9823 1872
9792 2026
9759 2180
9723 2333
9686 2485
9645 2637
9603 2788
9558 2938
9511 3088
9461 3237
9409 3385
9355 3533
9298 3679
9239 3824
9178 3969
9114 4113
9049 4255
8981 4397
8911 4537
8838 4677
8764 4815
8687 4952
8608 5088
8527 5222
8444 5355
8359 5487
8272 5618
8183 5747
8092 5875
7998 6001
7903 6126
7806 6249
7707 6371
7606 6491
7503 6610
7398 6727
7292 6842
7183 6956
7073 7068
6962 7178
6848 7286
6733 7393
6616 7498
6497 7601
6377 7702
6255 7801
6132 7898
6007 7994
5881 8087
5754 8178
5624 8268
5494 8355
5362 8440
5229 8523
5094 8604
4959 8683
4822 8760
4684 8835
4544 8907
4404 8977
4262 9045
4120 9111
3976 9175
3832 9236
3686 9295
3540 9352
3393 9406
3245 9458
3096 9508
2946 9556
2796 9601
2645 9643
2493 9684
2341 9722
2188 9757
2034 9790
1880 9821
1726 9849
1571 9875
1416 9899
1260 9920
1104 9938
948 9954
792 9968
635 9979
478 9988
321 9994
164 9998
7 9999
-149 9998
-305 9995
-462 9989
-619 9980
-776 9969
-932 9956
-1088 9940
-1244 9922
-1400 9901
-1555 9878
-1710 9852
-1865 9824
-2019 9794
-2172 9761
-2325 9725
-2477 9688
-2629 9648
-2780 9605
-2931 9560
-3081 9513
-3230 9463
-3378 9412
-3525 9357
-3672 9301
-3817 9242
-3962 9181
-4105 9118
-4248 9052
-4390 8984
-4530 8914
-4670 8842
-4808 8768
-4945 8691
-5081 8612
-5215 8532
-5349 8449
-5481 8364
-5611 8276
-5740 8187
-5868 8096
-5995 8003
-6120 7908
-6243 7811
-6365 7712
-6485 7611
-6604 7508
-6721 7404
-6836 7297
-6950 7189
-7062 7079
-7172 6967
-7281 6854
-7388 6739
-7492 6622
-7596 6503
-7697 6383
-7796 6262
-7893 6139
-7989 6014
-8082 5888
-8174 5760
-8263 5631
-8350 5501
-8436 5369
-8519 5236
-8600 5101
-8679 4966
-8756 4829
-8831 4691
-8903 4551
-8974 4411
-9042 4270
-9108 4127
-9172 3984
-9233 3839
-9292 3694
-9349 3547
-9403 3400
-9456 3252
-9506 3103
-9553 2954
-9598 2803
-9641 2652
-9682 2501
-9720 2348
-9755 2195
-9789 2042
-9820 1888
-9848 1734
-9874 1579
-9898 1424
-9919 1268
-9937 1112
-9954 956
-9967 800
-9979 643
-9988 486
-9994 329
-9998 172
-9999 15
-9999 -141
-9995 -298
-9989 -454
-9981 -611
-9970 -768
-9957 -924
-9941 -1080
-9923 -1236
-9902 -1392
-9879 -1547
-9853 -1702
-9826 -1857
-9795 -2011
-9762 -2164
-9727 -2317
-9690 -2470
-9650 -2622
-9607 -2773
-9563 -2923
-9515 -3073
-9466 -3222
-9414 -3370
-9360 -3518
-9304 -3664
-9245 -3810
-9184 -3954
-9121 -4098
-9055 -4241
-8988 -4383
-8918 -4523
-8846 -4663
-8771 -4801
-8695 -4938
-8616 -5074
-8536 -5209
-8453 -5342
-8368 -5474
-8281 -5605
-8192 -5734
-8101 -5862
-8008 -5988
-7913 -6113
-7816 -6237
-7717 -6359
-7616 -6479
-7514 -6598
-7409 -6715
-7303 -6831
-7195 -6944
-7085 -7056
-6973 -7167
-6860 -7275
-6745 -7382
-6628 -7487
-6509 -7590
-6389 -7692
-6268 -7791
-6145 -7888
-6020 -7984
-5894 -8077
-5767 -8169
-5638 -8259
-5507 -8346
-5376 -8431
-5242 -8515
-5108 -8596
-4973 -8675
-4836 -8752
-4698 -8827
-4559 -8900
-4418 -8970
-4277 -9039
-4134 -9105
-3991 -9168
-3847 -9230
-3701 -9289
-3555 -9346
-3408 -9401
-3260 -9453
-3111 -9503
-2961 -9551
-2811 -9596
-2660 -9639
-2508 -9680
-2356 -9718
-2203 -9754
-2050 -9787
-1896 -9818
-1741 -9847
-1587 -9873
-1431 -9896
-1276 -9918
-1120 -9937
-964 -9953
-808 -9967
-651 -9978
-494 -9987
-337 -9994
-180 -9998
-23 -9999
133 -9999
290 -9995
446 -9990
603 -9981
760 -9971
916 -9957
1073 -9942
1228 -9924
1384 -9903
1539 -9880
1694 -9855
1849 -9827
2003 -9797
2157 -9764
2310 -9729
2462 -9692
2614 -9652
2765 -9609
2916 -9565
3065 -9518
3214 -9469
3363 -9417
3510 -9363
3657 -9307
3802 -9248
3947 -9187
4091 -9124
4234 -9059
4375 -8991
4516 -8921
4655 -8849
4794 -8775
4931 -8699
5067 -8620
5202 -8540
5335 -8457
5467 -8372
5598 -8285
5727 -8196
5855 -8106
5982 -8013
6107 -7918
6231 -7821
6353 -7722
6473 -7621
6592 -7519
6709 -7414
6825 -7308
6939 -7200
7051 -7090
7161 -6979
7270 -6865
7377 -6750
7482 -6634
7585 -6515
7687 -6396
7786 -6274
7884 -6151
7979 -6027
8073 -5901
8164 -5773
8254 -5644
8342 -5514
8427 -5382
8511 -5249
8592 -5115
8671 -4979
8748 -4843
8823 -4705
8896 -4566
8967 -4425
9035 -4284
9101 -4142
9165 -3998
9227 -3854
9286 -3709
9343 -3562
9398 -3415
9451 -3267
9501 -3118
9548 -2969
9594 -2819
9637 -2668
9678 -2516
9716 -2364
9752 -2211
9785 -2058
9817 -1904
9845 -1749
9871 -1595
9895 -1439
9917 -1284
9936 -1128
9952 -972
9966 -815
9978 -659
9987 -502
9994 -345
9998 -188